MATRIX_BEGIN JOB=2 ROWS=64 COLS=64
14 8 0 14 -4 -5 -7 4 6 -8 -2 -6 16 0 1 -16 -8 -1 6 12 2 -6 -6 2 0 6 -1 -8 -16 3 4 16 -6 -2 7 0 4 -7 -5 0 14 5 0 -10 -14 0 0 14 -4 -3 -7 4 6 -8 -4 -6 16 0 1 -12 -8 -1 6 12
10 7 -2 -6 -14 2 3 -16 0 -3 8 8 2 -6 -4 -2 12 6 -1 0 -12 1 4 16 -2 -4 -8 6 4 8 0 -4 14 5 2 -14 -10 0 5 10 0 0 -7 4 10 7 -2 -6 16 2 3 -16 0 -1 8 8 2 -6 -6 -2 12 6 -1 0
-4 -3 8 0 6 -8 -4 -2 16 4 1 -12 -12 -1 0 12 -2 -4 -6 2 8 8 -3 -8 -16 0 2 -14 -6 -2 7 10 0 -7 -5 0 0 7 0 -10 -14 2 3 14 -4 -3 8 0 6 -8 -4 -2 12 4 1 -12 -12 1 0 12 -2 -4 -8 2
16 4 3 -16 -8 -1 6 8 2 0 -6 2 12 6 -1 -8 -16 1 4 16 0 -2 -8 6 4 -7 -5 -4 14 5 0 0 -10 0 5 14 -4 -5 -7 4 6 -8 0 -6 16 4 1 -16 -8 -1 6 12 2 0 -6 2 8 6 -1 -8 -16 3 4 16
2 -8 -4 -2 0 6 1 -12 -12 1 4 12 -2 -4 -8 0 8 8 -3 -4 14 3 2 -14 -10 0 0 10 0 -5 -7 0 10 7 -2 -6 -14 0 3 -16 -8 -3 8 8 2 -6 -4 -2 0 6 -1 -12 -12 1 4 16 -2 -4 -8 0 4 8 -3 -4
-8 -1 6 12 -2 -6 -6 2 8 8 0 -8 -16 3 2 16 -6 -2 7 10 4 0 -5 0 10 5 0 -10 -14 2 5 14 0 -3 8 4 6 -8 -4 -2 16 4 1 0 -12 -1 6 12 -2 -4 -6 2 8 8 0 -8 -16 3 2 -14 -6 -2 7 10
12 6 -1 -8 -12 0 4 16 -6 -4 -8 6 4 -7 -3 -4 0 5 0 -14 -10 0 5 14 0 -5 -7 0 6 7 -2 -6 16 4 3 -16 -8 -1 0 8 2 -6 -6 2 12 6 -1 -8 -16 0 4 16 -6 -2 -8 6 4 -7 -5 -4 0 5 0 -10
0 -4 -8 2 8 8 -3 -4 -16 3 2 0 -10 -2 7 10 0 -5 -5 0 10 7 0 -10 -14 2 3 -16 -4 -3 8 8 2 0 -4 -2 12 6 1 -12 -12 1 4 12 0 -4 -8 6 8 8 -3 -4 14 3 2 0 -10 0 7 10 0 -5 -7 0
-16 3 4 16 -6 -2 0 6 4 -7 -5 0 14 5 0 -10 -14 0 5 14 -4 -3 -7 4 6 -8 -4 -6 0 4 1 -12 -8 -1 6 12 -2 -6 -6 0 8 8 -1 -8 -16 3 2 16 -6 -2 0 10 4 -7 -5 0 10 5 0 -10 -14 0 5 14
4 0 -3 -4 14 5 2 -14 -10 0 5 10 0 -5 -7 4 10 7 -2 -6 16 2 3 0 -8 -1 8 8 2 -6 -6 -2 12 6 0 -8 -12 1 4 16 -6 -4 -8 6 4 0 -3 -4 14 5 0 -14 -10 0 5 14 0 -5 -7 4 6 7 -2 -6
-6 -2 7 10 0 -7 -5 0 10 7 0 -10 -14 2 3 14 -4 -3 0 8 6 -8 -4 -2 12 4 1 -12 -12 0 6 12 -2 -4 -8 2 8 8 -3 -4 0 3 2 -14 -10 -2 7 10 0 -5 -5 0 10 7 -2 -10 -14 2 3 -16 -4 -3 0 8
14 5 0 -10 -10 0 5 14 -4 -5 -7 4 6 0 -2 -6 16 4 1 -16 -8 -1 6 12 0 -6 -6 2 8 6 -1 -8 -16 3 4 0 -6 -2 7 6 4 -7 -5 0 14 5 0 -10 -14 0 5 14 -4 -3 -7 4 6 0 -4 -6 16 4 1 -12
0 -5 -7 0 10 7 -2 -6 0 2 3 -16 -8 -3 8 8 2 -6 -4 0 12 6 -1 -12 -12 1 4 16 -2 -4 0 6 4 8 -3 -4 14 5 2 -14 -10 0 5 10 0 -5 -7 4 10 7 -2 -6 0 2 3 -16 -8 -1 8 8 2 -6 -6 0
-14 2 5 0 -4 -3 8 4 6 -8 -4 -2 16 4 0 -12 -12 -1 6 12 -2 -4 -6 2 8 0 -3 -8 -16 3 2 -14 -6 -2 7 10 0 -7 -5 0 10 7 0 -10 -14 2 3 0 -4 -3 8 8 6 -8 -4 -2 12 4 0 -12 -12 1 6 12
6 7 -2 -6 16 4 3 -16 -8 0 6 8 2 -6 -6 2 12 6 -1 -8 0 1 4 16 -6 -2 -8 6 4 -7 -5 0 14 5 0 -10 -10 0 5 14 -4 -5 0 4 6 -8 -2 -6 16 4 1 -16 -8 0 6 12 2 -6 -6 2 8 6 -1 -8
-4 -3 8 8 0 -8 -4 -2 12 6 1 -12 -12 1 4 0 -2 -4 -8 6 8 8 -3 -4 14 3 0 -14 -10 0 7 10 0 -5 -7 0 10 0 -2 -6 -14 2 3 -16 -8 -3 8 8 0 -6 -4 -2 12 6 -1 -12 -12 1 4 0 -2 -4 -8 6
16 4 1 -12 -8 -1 6 12 -2 -6 0 2 8 8 -1 -8 -16 3 2 16 -6 0 7 10 4 -7 -5 0 10 5 0 -10 0 2 5 14 -4 -3 8 4 6 -8 -4 0 16 4 1 -12 -12 -1 6 12 -2 -4 0 2 8 8 -3 -8 -16 3 2 -14
2 -6 -6 -2 12 0 -1 -8 -12 1 4 16 -6 -4 -8 6 0 -7 -3 -4 14 5 0 -14 -10 0 5 0 0 -5 -7 4 6 7 -2 -6 16 4 0 -16 -8 -1 6 8 2 -6 -6 2 12 0 -1 -8 -16 1 4 16 -6 -2 -8 6 0 -7 -5 -4
0 1 6 12 -2 -4 -8 2 8 8 -3 0 -16 3 2 -14 -10 -2 7 10 0 -5 0 0 10 7 -2 -10 -14 2 3 -16 -4 0 8 8 2 -8 -4 -2 12 6 1 -12 0 1 4 12 -2 -4 -8 6 8 8 -3 0 14 3 2 -14 -10 0 7 10
8 6 -1 -8 -16 3 0 16 -6 -2 7 6 4 -7 -5 0 14 0 0 -10 -14 0 5 14 -4 -3 -7 4 0 -8 -4 -6 16 4 1 -12 -8 -1 6 0 -2 -6 -6 2 8 8 -1 -8 -16 3 0 16 -6 -2 7 10 4 -7 -5 0 10 0 0 -10
-2 0 -8 6 4 8 -3 -4 14 5 2 -14 0 0 5 10 0 -5 -7 4 10 7 -2 0 16 2 3 -16 -8 -1 8 8 2 -6 0 -2 12 6 -1 -8 -12 1 4 16 -6 0 -8 6 4 -7 -3 -4 14 5 0 -14 0 0 5 14 0 -5 -7 4
-16 3 2 -14 -6 -2 7 0 0 -7 -5 0 10 7 0 -10 -14 2 0 14 -4 -3 8 8 6 -8 -4 -2 12 0 1 -12 -12 1 6 12 -2 -4 -8 2 0 8 -3 -4 -16 3 2 -14 -10 -2 7 0 0 -5 -5 0 10 7 -2 -10 -14 2 0 -16
4 -7 0 -4 14 5 0 -10 -10 0 5 14 -4 0 -7 4 6 -8 -2 -6 16 4 1 -16 0 -1 6 12 2 -6 -6 2 8 6 -1 0 -16 3 4 16 -6 -2 7 6 4 -7 0 0 14 5 0 -10 -14 0 5 14 -4 0 -7 4 6 -8 -4 -6
-10 0 7 10 0 -5 -7 0 0 7 -2 -6 -14 2 3 -16 -8 -3 8 0 2 -6 -4 -2 12 6 -1 -12 -12 1 0 16 -2 -4 -8 6 4 8 -3 -4 14 0 2 -14 -10 0 5 10 0 -5 -7 4 0 7 -2 -6 16 2 3 -16 -8 -1 8 0
10 5 0 0 -14 2 5 14 -4 -3 8 4 6 -8 0 -2 16 4 1 -12 -12 -1 6 12 -2 0 -6 2 8 8 -3 -8 -16 3 2 -14 0 -2 7 10 0 -7 -5 0 10 7 0 0 -14 2 3 14 -4 -3 8 8 6 -8 0 -2 12 4 1 -12
0 -5 -7 4 6 7 -2 -6 16 0 3 -16 -8 -1 6 8 2 -6 -6 2 0 6 -1 -8 -16 1 4 16 -6 -2 -8 0 4 -7 -5 -4 14 5 0 -10 -10 0 0 14 -4 -5 -7 4 6 -8 -2 -6 16 0 1 -16 -8 -1 6 12 2 -6 -6 2
-14 2 3 -16 0 -3 8 8 2 -8 -4 -2 12 6 1 0 -12 1 4 12 -2 -4 -8 6 8 8 0 -4 14 3 2 -14 -10 0 7 10 0 0 -7 0 10 7 -2 -6 -14 2 3 -16 0 -3 8 8 2 -6 -4 -2 12 6 -1 0 -12 1 4 16
6 -8 -4 -6 16 4 1 -12 -8 -1 0 12 -2 -6 -6 2 8 8 -1 -8 -16 0 2 16 -6 -2 7 10 4 -7 -5 0 0 5 0 -10 -14 2 5 14 -4 -3 8 0 6 -8 -4 -2 16 4 1 -12 -12 -1 0 12 -2 -4 -6 2 8 8 -3 -8
-8 -1 8 8 2 0 -6 -2 12 6 -1 -8 -12 1 4 16 0 -4 -8 6 4 -7 -3 -4 14 5 0 0 -10 0 5 14 0 -5 -7 4 6 7 0 -6 16 4 3 -16 -8 -1 6 8 2 0 -6 2 12 6 -1 -8 -16 1 4 16 0 -2 -8 6
0 4 1 -12 -12 1 6 12 -2 -4 -8 0 8 8 -3 -4 -16 3 2 -14 -10 -2 0 10 0 -5 -5 0 10 7 -2 -10 -14 0 3 -16 -4 -3 8 8 2 -8 -4 -2 0 6 1 -12 -12 1 4 12 -2 -4 -8 0 8 8 -3 -4 14 3 2 -14
2 -6 -6 2 8 6 0 -8 -16 3 4 16 -6 -2 7 6 4 0 -5 0 14 5 0 -10 -14 0 5 14 0 -3 -7 4 6 -8 -4 -6 16 4 1 0 -8 -1 6 12 -2 -6 -6 2 8 8 0 -8 -16 3 2 16 -6 -2 7 10 4 0 -5 0
-12 0 4 16 -2 -4 -8 6 4 8 -3 -4 0 5 2 -14 -10 0 5 10 0 -5 -7 0 10 7 -2 -6 16 2 3 -16 -8 -1 0 8 2 -6 -6 -2 12 6 -1 -8 -12 0 4 16 -6 -4 -8 6 4 -7 -3 -4 0 5 0 -14 -10 0 5 14
8 8 -3 -8 -16 3 2 0 -6 -2 7 10 0 -7 -5 0 10 7 0 -10 -14 2 3 14 -4 -3 8 8 6 0 -4 -2 0 4 1 -12 -12 1 6 12 0 -4 -8 2 8 8 -3 -4 -16 3 2 0 -10 -2 7 10 0 -5 -5 0 10 7 0 -10
-6 -2 0 6 4 -7 -5 -4 14 5 0 -10 -10 0 5 14 -4 -5 -7 4 6 -8 -2 -6 0 4 1 -16 -8 -1 6 12 2 -6 -6 0 8 6 -1 -8 -16 3 4 16 -6 -2 0 6 4 -7 -5 0 14 5 0 -10 -14 0 5 14 -4 -3 -7 4
14 3 2 -14 -10 0 7 10 0 -5 -7 0 10 7 -2 -6 -14 2 3 0 -8 -3 8 8 2 -6 -4 -2 12 6 0 -12 -12 1 4 16 -2 -4 -8 6 4 0 -3 -4 14 5 2 -14 -10 0 5 10 0 -5 -7 4 10 7 -2 -6 16 2 3 0
4 -7 -5 0 10 5 0 -10 -14 2 5 14 -4 -3 0 4 6 -8 -4 -2 16 4 1 -12 -12 0 6 12 -2 -4 -6 2 8 8 -3 -8 0 3 2 -14 -6 -2 7 10 0 -7 -5 0 10 7 0 -10 -14 2 3 14 -4 -3 0 8 6 -8 -4 -2
-10 0 5 14 0 -5 -7 4 6 0 -2 -6 16 4 3 -16 -8 -1 6 8 0 -6 -6 2 12 6 -1 -8 -16 1 4 0 -6 -2 -8 6 4 -7 -5 -4 14 5 0 -10 -10 0 5 14 -4 -5 -7 4 6 0 -2 -6 16 4 1 -16 -8 -1 6 12
10 7 -2 -10 0 2 3 -16 -4 -3 8 8 2 -8 -4 0 12 6 1 -12 -12 1 4 12 -2 -4 0 6 8 8 -3 -4 14 3 2 -14 -10 0 7 10 0 -5 -7 0 10 7 -2 -6 0 2 3 -16 -8 -3 8 8 2 -6 -4 0 12 6 -1 -12
-4 -3 -7 4 6 -8 -4 -6 16 4 0 -12 -8 -1 6 12 -2 -6 -6 2 8 0 -1 -8 -16 3 2 16 -6 -2 7 10 0 -7 -5 0 10 5 0 -10 -14 2 5 0 -4 -3 8 4 6 -8 -4 -2 16 4 0 -12 -12 -1 6 12 -2 -4 -6 2
16 2 3 -16 -8 0 8 8 2 -6 -6 -2 12 6 -1 -8 0 1 4 16 -6 -4 -8 6 4 -7 -3 0 14 5 0 -14 -10 0 5 14 0 -5 0 4 6 7 -2 -6 16 4 3 -16 -8 0 6 8 2 -6 -6 2 12 6 -1 -8 0 1 4 16
0 -8 -4 -2 12 4 1 -12 -12 1 6 0 -2 -4 -8 2 8 8 -3 -4 -16 3 0 -14 -10 -2 7 10 0 -5 -5 0 10 0 -2 -10 -14 2 3 -16 -4 -3 8 8 0 -8 -4 -2 12 6 1 -12 -12 1 4 0 -2 -4 -8 6 8 8 -3 -4
-8 -1 6 12 2 -6 0 2 8 6 -1 -8 -16 3 4 16 -6 0 7 6 4 -7 -5 0 14 5 0 -10 0 0 5 14 -4 -3 -7 4 6 -8 -4 0 16 4 1 -12 -8 -1 6 12 -2 -6 0 2 8 8 -1 -8 -16 3 2 16 -6 0 7 10
12 0 -1 -12 -12 1 4 16 -2 -4 -8 6 0 8 -3 -4 14 5 2 -14 -10 0 5 0 0 -5 -7 4 10 7 -2 -6 16 2 0 -16 -8 -1 8 8 2 -6 -6 -2 12 0 -1 -8 -12 1 4 16 -6 -4 -8 6 0 -7 -3 -4 14 5 0 -14
-2 -4 -6 2 8 8 -3 0 -16 3 2 -14 -6 -2 7 10 0 -7 0 0 10 7 0 -10 -14 2 3 14 -4 0 8 8 6 -8 -4 -2 12 4 1 -12 0 1 6 12 -2 -4 -8 2 8 8 -3 0 -16 3 2 -14 -10 -2 7 10 0 -5 0 0
-16 1 0 16 -6 -2 -8 6 4 -7 -5 -4 14 0 0 -10 -10 0 5 14 -4 -5 -7 4 0 -8 -2 -6 16 4 1 -16 -8 -1 6 0 2 -6 -6 2 8 6 -1 -8 -16 3 0 16 -6 -2 7 6 4 -7 -5 0 14 0 0 -10 -14 0 5 14
8 8 -3 -4 14 3 2 -14 0 0 7 10 0 -5 -7 0 10 7 -2 0 -14 2 3 -16 -8 -3 8 8 2 -6 0 -2 12 6 -1 -12 -12 1 4 16 -2 0 -8 6 4 8 -3 -4 14 5 2 -14 0 0 5 10 0 -5 -7 4 10 7 -2 0
-6 -2 7 0 4 -7 -5 0 10 5 0 -10 -14 2 0 14 -4 -3 8 4 6 -8 -4 -2 16 0 1 -12 -12 -1 6 12 -2 -4 -6 2 0 8 -3 -8 -16 3 2 -14 -6 -2 7 0 0 -7 -5 0 10 7 0 -10 -14 2 0 14 -4 -3 8 8
14 5 0 -14 -10 0 5 14 0 0 -7 4 6 7 -2 -6 16 4 3 -16 0 -1 6 8 2 -6 -6 2 12 6 -1 0 -16 1 4 16 -6 -2 -8 6 4 -7 0 -4 14 5 0 -10 -10 0 5 14 -4 0 -7 4 6 -8 -2 -6 16 4 1 -16
0 -5 -5 0 0 7 -2 -10 -14 2 3 -16 -4 -3 8 0 2 -8 -4 -2 12 6 1 -12 -12 1 0 12 -2 -4 -8 6 8 8 -3 -4 14 0 2 -14 -10 0 7 10 0 -5 -7 0 0 7 -2 -6 -14 2 3 -16 -8 -3 8 0 2 -6 -4 -2
-14 0 5 14 -4 -3 -7 4 6 -8 0 -6 16 4 1 -12 -8 -1 6 12 -2 0 -6 2 8 8 -1 -8 -16 3 2 16 0 -2 7 10 4 -7 -5 0 10 5 0 0 -14 2 5 14 -4 -3 8 4 6 -8 0 -2 16 4 1 -12 -12 -1 6 12
10 7 -2 -6 16 0 3 -16 -8 -1 8 8 2 -6 -6 -2 0 6 -1 -8 -12 1 4 16 -6 -4 -8 0 4 -7 -3 -4 14 5 0 -14 -10 0 0 14 0 -5 -7 4 6 7 -2 -6 16 0 3 -16 -8 -1 6 8 2 -6 -6 2 0 6 -1 -8
0 -3 8 8 6 -8 -4 -2 12 4 1 0 -12 1 6 12 -2 -4 -8 2 8 8 0 -4 -16 3 2 -14 -10 -2 7 10 0 0 -5 0 10 7 -2 -10 -14 2 3 -16 0 -3 8 8 2 -8 -4 -2 12 6 1 0 -12 1 4 12 -2 -4 -8 6
16 4 1 -16 -8 -1 0 12 2 -6 -6 2 8 6 -1 -8 -16 0 4 16 -6 -2 7 6 4 -7 -5 0 0 5 0 -10 -14 0 5 14 -4 -3 -7 0 6 -8 -4 -6 16 4 1 -12 -8 -1 0 12 -2 -6 -6 2 8 8 -1 -8 -16 0 2 16
2 0 -4 -2 12 6 -1 -12 -12 1 4 16 0 -4 -8 6 4 8 -3 -4 14 5 2 0 -10 0 5 10 0 -5 -7 4 10 7 0 -6 16 2 3 -16 -8 -1 8 8 2 0 -6 -2 12 6 -1 -8 -12 1 4 16 0 -4 -8 6 4 -7 -3 -4
-12 -1 6 12 -2 -4 -6 0 8 8 -3 -8 -16 3 2 -14 -6 -2 0 10 0 -7 -5 0 10 7 0 -10 -14 0 3 14 -4 -3 8 8 6 -8 -4 -2 0 4 1 -12 -12 1 6 12 -2 -4 -8 0 8 8 -3 -4 -16 3 2 -14 -10 -2 0 10
12 6 0 -8 -16 1 4 16 -6 -2 -8 6 4 0 -5 -4 14 5 0 -10 -10 0 5 14 0 -5 -7 4 6 -8 -2 -6 16 4 1 0 -8 -1 6 12 2 -6 -6 2 8 6 0 -8 -16 3 4 16 -6 -2 7 6 4 0 -5 0 14 5 0 -10
-2 -4 -8 6 8 8 -3 -4 0 3 2 -14 -10 0 7 10 0 -5 -7 0 10 7 -2 -6 -14 2 3 -16 -8 -3 0 8 2 -6 -4 -2 12 6 -1 -12 -12 0 4 16 -2 -4 -8 6 4 8 -3 -4 0 5 2 -14 -10 0 5 10 0 -5 -7 0
-16 3 2 0 -6 -2 7 10 4 -7 -5 0 10 5 0 -10 -14 2 5 14 -4 -3 8 4 6 0 -4 -2 16 4 1 -12 -12 -1 6 12 0 -4 -6 2 8 8 -3 -8 -16 3 2 0 -6 -2 7 10 0 -7 -5 0 10 7 0 -10 -14 2 3 14
4 -7 -3 -4 14 5 0 -14 -10 0 5 14 0 -5 -7 4 6 7 -2 -6 0 4 3 -16 -8 -1 6 8 2 -6 -6 0 12 6 -1 -8 -16 1 4 16 -6 -2 0 6 4 -7 -5 -4 14 5 0 -10 -10 0 5 14 -4 -5 -7 4 6 -8 -2 -6
-10 -2 7 10 0 -5 -5 0 10 7 -2 -10 -14 2 3 0 -4 -3 8 8 2 -8 -4 -2 12 6 0 -12 -12 1 4 12 -2 -4 -8 6 8 0 -3 -4 14 3 2 -14 -10 0 7 10 0 -5 -7 0 10 7 -2 -6 -14 2 3 0 -8 -3 8 8
14 5 0 -10 -14 0 5 14 -4 -3 0 4 6 -8 -4 -6 16 4 1 -12 -8 0 6 12 -2 -6 -6 2 8 8 -1 -8 0 3 2 16 -6 -2 7 10 4 -7 -5 0 10 5 0 -10 -14 2 5 14 -4 -3 0 4 6 -8 -4 -2 16 4 1 -12
0 -5 -7 4 10 0 -2 -6 16 2 3 -16 -8 -1 8 8 0 -6 -6 -2 12 6 -1 -8 -12 1 4 0 -6 -4 -8 6 4 -7 -3 -4 14 5 0 -14 -10 0 5 14 0 -5 -7 4 6 0 -2 -6 16 4 3 -16 -8 -1 6 8 0 -6 -6 2
0 2 3 14 -4 -3 8 8 6 -8 -4 0 12 4 1 -12 -12 1 6 12 -2 -4 0 2 8 8 -3 -4 -16 3 2 -14 -10 0 7 10 0 -5 -5 0 10 7 -2 -10 0 2 3 -16 -4 -3 8 8 2 -8 -4 0 12 6 1 -12 -12 1 4 12
6 -8 -2 -6 16 4 0 -16 -8 -1 6 12 2 -6 -6 2 8 0 -1 -8 -16 3 4 16 -6 -2 7 6 0 -7 -5 0 14 5 0 -10 -14 0 5 0 -4 -3 -7 4 6 -8 -4 -6 16 4 0 -12 -8 -1 6 12 -2 -6 -6 2 8 0 -1 14
MATRIX_END JOB=2